{
 "cells": [
  {
   "cell_type": "markdown",
   "metadata": {},
   "source": [
    "**Dataset: Air Quality and Public Health Impact**\n",
    "\n",
    "This dataset is from (https://www.kaggle.com/datasets/rabieelkharoua/air-quality-and-health-impact-dataset/data) contains comprehensive information on air quality and its impact on public health, with a total of 5,811 records. It includes variables such as the Air Quality Index (AQI), concentrations of various pollutants, weather conditions, and health impact metrics. The target variable is the **Health Impact Class**, which categorizes the health impact based on air quality and related factors.\n",
    "\n"
   ]
  },
  {
   "cell_type": "code",
   "execution_count": 1,
   "metadata": {},
   "outputs": [],
   "source": [
    "import pandas as pd\n",
    "\n",
    "df = pd.read_csv('airquality.csv')"
   ]
  },
  {
   "cell_type": "markdown",
   "metadata": {},
   "source": [
    "### exploratory Data analysis"
   ]
  },
  {
   "cell_type": "code",
   "execution_count": 2,
   "metadata": {},
   "outputs": [
    {
     "data": {
      "text/html": [
       "<div>\n",
       "<style scoped>\n",
       "    .dataframe tbody tr th:only-of-type {\n",
       "        vertical-align: middle;\n",
       "    }\n",
       "\n",
       "    .dataframe tbody tr th {\n",
       "        vertical-align: top;\n",
       "    }\n",
       "\n",
       "    .dataframe thead th {\n",
       "        text-align: right;\n",
       "    }\n",
       "</style>\n",
       "<table border=\"1\" class=\"dataframe\">\n",
       "  <thead>\n",
       "    <tr style=\"text-align: right;\">\n",
       "      <th></th>\n",
       "      <th>RecordID</th>\n",
       "      <th>AQI</th>\n",
       "      <th>PM10</th>\n",
       "      <th>PM2_5</th>\n",
       "      <th>NO2</th>\n",
       "      <th>SO2</th>\n",
       "      <th>O3</th>\n",
       "      <th>Temperature</th>\n",
       "      <th>Humidity</th>\n",
       "      <th>WindSpeed</th>\n",
       "      <th>RespiratoryCases</th>\n",
       "      <th>CardiovascularCases</th>\n",
       "      <th>HospitalAdmissions</th>\n",
       "      <th>HealthImpactScore</th>\n",
       "      <th>HealthImpactClass</th>\n",
       "    </tr>\n",
       "  </thead>\n",
       "  <tbody>\n",
       "    <tr>\n",
       "      <th>0</th>\n",
       "      <td>1</td>\n",
       "      <td>187.270059</td>\n",
       "      <td>295.853039</td>\n",
       "      <td>13.038560</td>\n",
       "      <td>6.639263</td>\n",
       "      <td>66.161150</td>\n",
       "      <td>54.624280</td>\n",
       "      <td>5.150335</td>\n",
       "      <td>84.424344</td>\n",
       "      <td>6.137755</td>\n",
       "      <td>7</td>\n",
       "      <td>5</td>\n",
       "      <td>1</td>\n",
       "      <td>97.244041</td>\n",
       "      <td>0.0</td>\n",
       "    </tr>\n",
       "    <tr>\n",
       "      <th>1</th>\n",
       "      <td>2</td>\n",
       "      <td>475.357153</td>\n",
       "      <td>246.254703</td>\n",
       "      <td>9.984497</td>\n",
       "      <td>16.318326</td>\n",
       "      <td>90.499523</td>\n",
       "      <td>169.621728</td>\n",
       "      <td>1.543378</td>\n",
       "      <td>46.851415</td>\n",
       "      <td>4.521422</td>\n",
       "      <td>10</td>\n",
       "      <td>2</td>\n",
       "      <td>0</td>\n",
       "      <td>100.000000</td>\n",
       "      <td>0.0</td>\n",
       "    </tr>\n",
       "    <tr>\n",
       "      <th>2</th>\n",
       "      <td>3</td>\n",
       "      <td>365.996971</td>\n",
       "      <td>84.443191</td>\n",
       "      <td>23.111340</td>\n",
       "      <td>96.317811</td>\n",
       "      <td>17.875850</td>\n",
       "      <td>9.006794</td>\n",
       "      <td>1.169483</td>\n",
       "      <td>17.806977</td>\n",
       "      <td>11.157384</td>\n",
       "      <td>13</td>\n",
       "      <td>3</td>\n",
       "      <td>0</td>\n",
       "      <td>100.000000</td>\n",
       "      <td>0.0</td>\n",
       "    </tr>\n",
       "    <tr>\n",
       "      <th>3</th>\n",
       "      <td>4</td>\n",
       "      <td>299.329242</td>\n",
       "      <td>21.020609</td>\n",
       "      <td>14.273403</td>\n",
       "      <td>81.234403</td>\n",
       "      <td>48.323616</td>\n",
       "      <td>93.161033</td>\n",
       "      <td>21.925276</td>\n",
       "      <td>99.473373</td>\n",
       "      <td>15.302500</td>\n",
       "      <td>8</td>\n",
       "      <td>8</td>\n",
       "      <td>1</td>\n",
       "      <td>100.000000</td>\n",
       "      <td>0.0</td>\n",
       "    </tr>\n",
       "    <tr>\n",
       "      <th>4</th>\n",
       "      <td>5</td>\n",
       "      <td>78.009320</td>\n",
       "      <td>16.987667</td>\n",
       "      <td>152.111623</td>\n",
       "      <td>121.235461</td>\n",
       "      <td>90.866167</td>\n",
       "      <td>241.795138</td>\n",
       "      <td>9.217517</td>\n",
       "      <td>24.906837</td>\n",
       "      <td>14.534733</td>\n",
       "      <td>9</td>\n",
       "      <td>0</td>\n",
       "      <td>1</td>\n",
       "      <td>95.182643</td>\n",
       "      <td>0.0</td>\n",
       "    </tr>\n",
       "  </tbody>\n",
       "</table>\n",
       "</div>"
      ],
      "text/plain": [
       "   RecordID         AQI        PM10       PM2_5         NO2        SO2  \\\n",
       "0         1  187.270059  295.853039   13.038560    6.639263  66.161150   \n",
       "1         2  475.357153  246.254703    9.984497   16.318326  90.499523   \n",
       "2         3  365.996971   84.443191   23.111340   96.317811  17.875850   \n",
       "3         4  299.329242   21.020609   14.273403   81.234403  48.323616   \n",
       "4         5   78.009320   16.987667  152.111623  121.235461  90.866167   \n",
       "\n",
       "           O3  Temperature   Humidity  WindSpeed  RespiratoryCases  \\\n",
       "0   54.624280     5.150335  84.424344   6.137755                 7   \n",
       "1  169.621728     1.543378  46.851415   4.521422                10   \n",
       "2    9.006794     1.169483  17.806977  11.157384                13   \n",
       "3   93.161033    21.925276  99.473373  15.302500                 8   \n",
       "4  241.795138     9.217517  24.906837  14.534733                 9   \n",
       "\n",
       "   CardiovascularCases  HospitalAdmissions  HealthImpactScore  \\\n",
       "0                    5                   1          97.244041   \n",
       "1                    2                   0         100.000000   \n",
       "2                    3                   0         100.000000   \n",
       "3                    8                   1         100.000000   \n",
       "4                    0                   1          95.182643   \n",
       "\n",
       "   HealthImpactClass  \n",
       "0                0.0  \n",
       "1                0.0  \n",
       "2                0.0  \n",
       "3                0.0  \n",
       "4                0.0  "
      ]
     },
     "execution_count": 2,
     "metadata": {},
     "output_type": "execute_result"
    }
   ],
   "source": [
    "df.head(5)"
   ]
  },
  {
   "cell_type": "markdown",
   "metadata": {},
   "source": [
    "**Record Information**\n",
    "- **RecordID**: A unique identifier assigned to each record (1 to 2392).\n",
    "\n",
    "---\n",
    "\n",
    "**Air Quality Metrics**\n",
    "- **AQI**: Air Quality Index, a measure of how polluted the air currently is or how polluted it is forecast to become.\n",
    "- **PM10**: Concentration of particulate matter less than 10 micrometers in diameter (μg/m³).\n",
    "- **PM2_5**: Concentration of particulate matter less than 2.5 micrometers in diameter (μg/m³).\n",
    "- **NO2**: Concentration of nitrogen dioxide (ppb).\n",
    "- **SO2**: Concentration of sulfur dioxide (ppb).\n",
    "- **O3**: Concentration of ozone (ppb).\n",
    "\n",
    "---\n",
    "\n",
    "**Weather Conditions**\n",
    "- **Temperature**: Temperature in degrees Celsius (°C).\n",
    "- **Humidity**: Humidity percentage (%).\n",
    "- **WindSpeed**: Wind speed in meters per second (m/s).\n",
    "\n",
    "---\n",
    "\n",
    "**Health Impact Metrics**\n",
    "- **RespiratoryCases**: Number of respiratory cases reported.\n",
    "- **CardiovascularCases**: Number of cardiovascular cases reported.\n",
    "- **HospitalAdmissions**: Number of hospital admissions reported.\n",
    "\n",
    "---\n",
    "\n",
    "**Target Variable: Health Impact Class**\n",
    "- **HealthImpactScore**: A score indicating the overall health impact based on air quality and related factors, ranging from 0 to 100.\n",
    "\n",
    "- **HealthImpactClass**: Classification of the health impact based on the **HealthImpactScore**:\n",
    "  - **0**: 'Very High' (**HealthImpactScore** ≥ 80)\n",
    "  - **1**: 'High' (60 ≤ **HealthImpactScore** < 80)\n",
    "  - **2**: 'Moderate' (40 ≤ **HealthImpactScore** < 60)\n",
    "  - **3**: 'Low' (20 ≤ **HealthImpactScore** < 40)\n",
    "  - **4**: 'Very Low' (**HealthImpactScore** < 20)\n",
    "\n",
    "---\n",
    "\n",
    "**Conclusion**\n",
    "\n",
    "This dataset offers a comprehensive view of the relationship between air quality and public health, making it ideal for research, predictive modeling, and statistical analysis.\n"
   ]
  },
  {
   "cell_type": "code",
   "execution_count": 3,
   "metadata": {},
   "outputs": [
    {
     "data": {
      "text/plain": [
       "(5811, 15)"
      ]
     },
     "execution_count": 3,
     "metadata": {},
     "output_type": "execute_result"
    }
   ],
   "source": [
    "df.shape"
   ]
  },
  {
   "cell_type": "code",
   "execution_count": 6,
   "metadata": {},
   "outputs": [
    {
     "data": {
      "text/plain": [
       "RecordID               0\n",
       "AQI                    0\n",
       "PM10                   0\n",
       "PM2_5                  0\n",
       "NO2                    0\n",
       "SO2                    0\n",
       "O3                     0\n",
       "Temperature            0\n",
       "Humidity               0\n",
       "WindSpeed              0\n",
       "RespiratoryCases       0\n",
       "CardiovascularCases    0\n",
       "HospitalAdmissions     0\n",
       "HealthImpactScore      0\n",
       "HealthImpactClass      0\n",
       "dtype: int64"
      ]
     },
     "execution_count": 6,
     "metadata": {},
     "output_type": "execute_result"
    }
   ],
   "source": [
    "df.isnull().sum()"
   ]
  },
  {
   "cell_type": "code",
   "execution_count": 7,
   "metadata": {},
   "outputs": [
    {
     "data": {
      "text/plain": [
       "0"
      ]
     },
     "execution_count": 7,
     "metadata": {},
     "output_type": "execute_result"
    }
   ],
   "source": [
    "df.duplicated().sum()"
   ]
  },
  {
   "cell_type": "code",
   "execution_count": 8,
   "metadata": {},
   "outputs": [
    {
     "data": {
      "text/plain": [
       "RecordID                 int64\n",
       "AQI                    float64\n",
       "PM10                   float64\n",
       "PM2_5                  float64\n",
       "NO2                    float64\n",
       "SO2                    float64\n",
       "O3                     float64\n",
       "Temperature            float64\n",
       "Humidity               float64\n",
       "WindSpeed              float64\n",
       "RespiratoryCases         int64\n",
       "CardiovascularCases      int64\n",
       "HospitalAdmissions       int64\n",
       "HealthImpactScore      float64\n",
       "HealthImpactClass      float64\n",
       "dtype: object"
      ]
     },
     "execution_count": 8,
     "metadata": {},
     "output_type": "execute_result"
    }
   ],
   "source": [
    "df.dtypes"
   ]
  },
  {
   "cell_type": "code",
   "execution_count": 9,
   "metadata": {},
   "outputs": [],
   "source": [
    "df = df.drop(columns=['RecordID'])"
   ]
  },
  {
   "cell_type": "code",
   "execution_count": 14,
   "metadata": {},
   "outputs": [
    {
     "data": {
      "application/vnd.plotly.v1+json": {
       "config": {
        "plotlyServerURL": "https://plot.ly"
       },
       "data": [
        {
         "colorbar": {
          "title": {
           "text": "Correlation Coefficient"
          }
         },
         "colorscale": [
          [
           0,
           "#440154"
          ],
          [
           0.1111111111111111,
           "#482878"
          ],
          [
           0.2222222222222222,
           "#3e4989"
          ],
          [
           0.3333333333333333,
           "#31688e"
          ],
          [
           0.4444444444444444,
           "#26828e"
          ],
          [
           0.5555555555555556,
           "#1f9e89"
          ],
          [
           0.6666666666666666,
           "#35b779"
          ],
          [
           0.7777777777777778,
           "#6ece58"
          ],
          [
           0.8888888888888888,
           "#b5de2b"
          ],
          [
           1,
           "#fde725"
          ]
         ],
         "text": [
          [
           1,
           0.023127331864861173,
           0.005889808196207206,
           0.007835562908554332,
           -0.0066438341518436205,
           0.00233914576807192,
           0.0041847573496780425,
           -0.00421706976861861,
           -0.01881557139055322,
           0.009301984753601101,
           0.009158327908309274,
           -0.01359180416608039,
           0.6145597341195581,
           -0.34810600073461245
          ],
          [
           0.023127331864861173,
           1,
           -0.012193155148670455,
           0.008486586801401677,
           -0.007176877679585888,
           -0.004410575519641641,
           -0.017560780525207265,
           -0.017289780332193184,
           -0.01895916530719023,
           -0.0013149495536872004,
           0.015581887876310764,
           -0.009075591135210602,
           0.1826003982062982,
           -0.10827064950241343
          ],
          [
           0.005889808196207206,
           -0.012193155148670455,
           1,
           0.005564099285082377,
           0.015894289630574265,
           0.006069831862334074,
           -0.0019775930554612165,
           0.006719710036902543,
           0.009041044289071029,
           0.025243849241456496,
           0.01731166306115099,
           -0.02312276884338251,
           0.22034689872990293,
           -0.1524072599445287
          ],
          [
           0.007835562908554332,
           0.008486586801401677,
           0.005564099285082377,
           1,
           -0.01997949361311502,
           -0.01491023957240589,
           0.006970804361421778,
           -0.011100302982558813,
           -0.0013975689195120692,
           0.01984858125943604,
           -0.005012106497770507,
           -0.00285932250179159,
           0.12443502983728108,
           -0.09038663799742853
          ],
          [
           -0.0066438341518436205,
           -0.007176877679585888,
           0.015894289630574265,
           -0.01997949361311502,
           1,
           -0.004319184228598712,
           -0.022458028140826397,
           0.0009104664285647185,
           -0.0016165611626538718,
           0.011130016689726572,
           -0.002672118500046207,
           -0.010546208768722653,
           0.015534602732097441,
           -0.008363847077056402
          ],
          [
           0.00233914576807192,
           -0.004410575519641641,
           0.006069831862334074,
           -0.01491023957240589,
           -0.004319184228598712,
           1,
           -0.0012573099963614559,
           0.003981776603452499,
           -0.0025958379072584647,
           -0.010067757081073115,
           0.0017526345644968092,
           -0.014292561841228115,
           0.15794008468383808,
           -0.11009279171204092
          ],
          [
           0.0041847573496780425,
           -0.017560780525207265,
           -0.0019775930554612165,
           0.006970804361421778,
           -0.022458028140826397,
           -0.0012573099963614559,
           1,
           -0.00023278032247807463,
           0.0008865341781376439,
           0.009393959667625856,
           0.009248616382042564,
           0.00794288096430043,
           -0.010555827477494464,
           0.005969306820816482
          ],
          [
           -0.00421706976861861,
           -0.017289780332193184,
           0.006719710036902543,
           -0.011100302982558813,
           0.0009104664285647185,
           0.003981776603452499,
           -0.00023278032247807463,
           1,
           0.02102667127868141,
           0.008690543556548656,
           -0.02461677289609941,
           -0.004864605491232044,
           0.0006623721378246148,
           -0.006715382095628239
          ],
          [
           -0.01881557139055322,
           -0.01895916530719023,
           0.009041044289071029,
           -0.0013975689195120692,
           -0.0016165611626538718,
           -0.0025958379072584647,
           0.0008865341781376439,
           0.02102667127868141,
           1,
           -0.010553059120707082,
           0.003715278621674358,
           -0.006454167590358991,
           -0.025446957886776117,
           0.005999035887489969
          ],
          [
           0.009301984753601101,
           -0.0013149495536872004,
           0.025243849241456496,
           0.01984858125943604,
           0.011130016689726572,
           -0.010067757081073115,
           0.009393959667625856,
           0.008690543556548656,
           -0.010553059120707082,
           1,
           -0.002621433758807231,
           0.00967922185281401,
           0.019267742461709026,
           -0.008536223053523086
          ],
          [
           0.009158327908309274,
           0.015581887876310764,
           0.01731166306115099,
           -0.005012106497770507,
           -0.002672118500046207,
           0.0017526345644968092,
           0.009248616382042564,
           -0.02461677289609941,
           0.003715278621674358,
           -0.002621433758807231,
           1,
           -0.03563161463653825,
           -0.008857433138075627,
           0.001848023981387461
          ],
          [
           -0.01359180416608039,
           -0.009075591135210602,
           -0.02312276884338251,
           -0.00285932250179159,
           -0.010546208768722653,
           -0.014292561841228115,
           0.00794288096430043,
           -0.004864605491232044,
           -0.006454167590358991,
           0.00967922185281401,
           -0.03563161463653825,
           1,
           -0.02930412403737961,
           0.014873113233046107
          ],
          [
           0.6145597341195581,
           0.1826003982062982,
           0.22034689872990293,
           0.12443502983728108,
           0.015534602732097441,
           0.15794008468383808,
           -0.010555827477494464,
           0.0006623721378246148,
           -0.025446957886776117,
           0.019267742461709026,
           -0.008857433138075627,
           -0.02930412403737961,
           1,
           -0.6556114838458436
          ],
          [
           -0.34810600073461245,
           -0.10827064950241343,
           -0.1524072599445287,
           -0.09038663799742853,
           -0.008363847077056402,
           -0.11009279171204092,
           0.005969306820816482,
           -0.006715382095628239,
           0.005999035887489969,
           -0.008536223053523086,
           0.001848023981387461,
           0.014873113233046107,
           -0.6556114838458436,
           1
          ]
         ],
         "textfont": {
          "color": "white",
          "size": 10
         },
         "texttemplate": "%{text:.2f}",
         "type": "heatmap",
         "x": [
          "AQI",
          "PM10",
          "PM2_5",
          "NO2",
          "SO2",
          "O3",
          "Temperature",
          "Humidity",
          "WindSpeed",
          "RespiratoryCases",
          "CardiovascularCases",
          "HospitalAdmissions",
          "HealthImpactScore",
          "HealthImpactClass"
         ],
         "y": [
          "AQI",
          "PM10",
          "PM2_5",
          "NO2",
          "SO2",
          "O3",
          "Temperature",
          "Humidity",
          "WindSpeed",
          "RespiratoryCases",
          "CardiovascularCases",
          "HospitalAdmissions",
          "HealthImpactScore",
          "HealthImpactClass"
         ],
         "z": [
          [
           1,
           0.023127331864861173,
           0.005889808196207206,
           0.007835562908554332,
           -0.0066438341518436205,
           0.00233914576807192,
           0.0041847573496780425,
           -0.00421706976861861,
           -0.01881557139055322,
           0.009301984753601101,
           0.009158327908309274,
           -0.01359180416608039,
           0.6145597341195581,
           -0.34810600073461245
          ],
          [
           0.023127331864861173,
           1,
           -0.012193155148670455,
           0.008486586801401677,
           -0.007176877679585888,
           -0.004410575519641641,
           -0.017560780525207265,
           -0.017289780332193184,
           -0.01895916530719023,
           -0.0013149495536872004,
           0.015581887876310764,
           -0.009075591135210602,
           0.1826003982062982,
           -0.10827064950241343
          ],
          [
           0.005889808196207206,
           -0.012193155148670455,
           1,
           0.005564099285082377,
           0.015894289630574265,
           0.006069831862334074,
           -0.0019775930554612165,
           0.006719710036902543,
           0.009041044289071029,
           0.025243849241456496,
           0.01731166306115099,
           -0.02312276884338251,
           0.22034689872990293,
           -0.1524072599445287
          ],
          [
           0.007835562908554332,
           0.008486586801401677,
           0.005564099285082377,
           1,
           -0.01997949361311502,
           -0.01491023957240589,
           0.006970804361421778,
           -0.011100302982558813,
           -0.0013975689195120692,
           0.01984858125943604,
           -0.005012106497770507,
           -0.00285932250179159,
           0.12443502983728108,
           -0.09038663799742853
          ],
          [
           -0.0066438341518436205,
           -0.007176877679585888,
           0.015894289630574265,
           -0.01997949361311502,
           1,
           -0.004319184228598712,
           -0.022458028140826397,
           0.0009104664285647185,
           -0.0016165611626538718,
           0.011130016689726572,
           -0.002672118500046207,
           -0.010546208768722653,
           0.015534602732097441,
           -0.008363847077056402
          ],
          [
           0.00233914576807192,
           -0.004410575519641641,
           0.006069831862334074,
           -0.01491023957240589,
           -0.004319184228598712,
           1,
           -0.0012573099963614559,
           0.003981776603452499,
           -0.0025958379072584647,
           -0.010067757081073115,
           0.0017526345644968092,
           -0.014292561841228115,
           0.15794008468383808,
           -0.11009279171204092
          ],
          [
           0.0041847573496780425,
           -0.017560780525207265,
           -0.0019775930554612165,
           0.006970804361421778,
           -0.022458028140826397,
           -0.0012573099963614559,
           1,
           -0.00023278032247807463,
           0.0008865341781376439,
           0.009393959667625856,
           0.009248616382042564,
           0.00794288096430043,
           -0.010555827477494464,
           0.005969306820816482
          ],
          [
           -0.00421706976861861,
           -0.017289780332193184,
           0.006719710036902543,
           -0.011100302982558813,
           0.0009104664285647185,
           0.003981776603452499,
           -0.00023278032247807463,
           1,
           0.02102667127868141,
           0.008690543556548656,
           -0.02461677289609941,
           -0.004864605491232044,
           0.0006623721378246148,
           -0.006715382095628239
          ],
          [
           -0.01881557139055322,
           -0.01895916530719023,
           0.009041044289071029,
           -0.0013975689195120692,
           -0.0016165611626538718,
           -0.0025958379072584647,
           0.0008865341781376439,
           0.02102667127868141,
           1,
           -0.010553059120707082,
           0.003715278621674358,
           -0.006454167590358991,
           -0.025446957886776117,
           0.005999035887489969
          ],
          [
           0.009301984753601101,
           -0.0013149495536872004,
           0.025243849241456496,
           0.01984858125943604,
           0.011130016689726572,
           -0.010067757081073115,
           0.009393959667625856,
           0.008690543556548656,
           -0.010553059120707082,
           1,
           -0.002621433758807231,
           0.00967922185281401,
           0.019267742461709026,
           -0.008536223053523086
          ],
          [
           0.009158327908309274,
           0.015581887876310764,
           0.01731166306115099,
           -0.005012106497770507,
           -0.002672118500046207,
           0.0017526345644968092,
           0.009248616382042564,
           -0.02461677289609941,
           0.003715278621674358,
           -0.002621433758807231,
           1,
           -0.03563161463653825,
           -0.008857433138075627,
           0.001848023981387461
          ],
          [
           -0.01359180416608039,
           -0.009075591135210602,
           -0.02312276884338251,
           -0.00285932250179159,
           -0.010546208768722653,
           -0.014292561841228115,
           0.00794288096430043,
           -0.004864605491232044,
           -0.006454167590358991,
           0.00967922185281401,
           -0.03563161463653825,
           1,
           -0.02930412403737961,
           0.014873113233046107
          ],
          [
           0.6145597341195581,
           0.1826003982062982,
           0.22034689872990293,
           0.12443502983728108,
           0.015534602732097441,
           0.15794008468383808,
           -0.010555827477494464,
           0.0006623721378246148,
           -0.025446957886776117,
           0.019267742461709026,
           -0.008857433138075627,
           -0.02930412403737961,
           1,
           -0.6556114838458436
          ],
          [
           -0.34810600073461245,
           -0.10827064950241343,
           -0.1524072599445287,
           -0.09038663799742853,
           -0.008363847077056402,
           -0.11009279171204092,
           0.005969306820816482,
           -0.006715382095628239,
           0.005999035887489969,
           -0.008536223053523086,
           0.001848023981387461,
           0.014873113233046107,
           -0.6556114838458436,
           1
          ]
         ],
         "zmax": 1,
         "zmin": -1
        }
       ],
       "layout": {
        "height": 600,
        "template": {
         "data": {
          "bar": [
           {
            "error_x": {
             "color": "#2a3f5f"
            },
            "error_y": {
             "color": "#2a3f5f"
            },
            "marker": {
             "line": {
              "color": "#E5ECF6",
              "width": 0.5
             },
             "pattern": {
              "fillmode": "overlay",
              "size": 10,
              "solidity": 0.2
             }
            },
            "type": "bar"
           }
          ],
          "barpolar": [
           {
            "marker": {
             "line": {
              "color": "#E5ECF6",
              "width": 0.5
             },
             "pattern": {
              "fillmode": "overlay",
              "size": 10,
              "solidity": 0.2
             }
            },
            "type": "barpolar"
           }
          ],
          "carpet": [
           {
            "aaxis": {
             "endlinecolor": "#2a3f5f",
             "gridcolor": "white",
             "linecolor": "white",
             "minorgridcolor": "white",
             "startlinecolor": "#2a3f5f"
            },
            "baxis": {
             "endlinecolor": "#2a3f5f",
             "gridcolor": "white",
             "linecolor": "white",
             "minorgridcolor": "white",
             "startlinecolor": "#2a3f5f"
            },
            "type": "carpet"
           }
          ],
          "choropleth": [
           {
            "colorbar": {
             "outlinewidth": 0,
             "ticks": ""
            },
            "type": "choropleth"
           }
          ],
          "contour": [
           {
            "colorbar": {
             "outlinewidth": 0,
             "ticks": ""
            },
            "colorscale": [
             [
              0,
              "#0d0887"
             ],
             [
              0.1111111111111111,
              "#46039f"
             ],
             [
              0.2222222222222222,
              "#7201a8"
             ],
             [
              0.3333333333333333,
              "#9c179e"
             ],
             [
              0.4444444444444444,
              "#bd3786"
             ],
             [
              0.5555555555555556,
              "#d8576b"
             ],
             [
              0.6666666666666666,
              "#ed7953"
             ],
             [
              0.7777777777777778,
              "#fb9f3a"
             ],
             [
              0.8888888888888888,
              "#fdca26"
             ],
             [
              1,
              "#f0f921"
             ]
            ],
            "type": "contour"
           }
          ],
          "contourcarpet": [
           {
            "colorbar": {
             "outlinewidth": 0,
             "ticks": ""
            },
            "type": "contourcarpet"
           }
          ],
          "heatmap": [
           {
            "colorbar": {
             "outlinewidth": 0,
             "ticks": ""
            },
            "colorscale": [
             [
              0,
              "#0d0887"
             ],
             [
              0.1111111111111111,
              "#46039f"
             ],
             [
              0.2222222222222222,
              "#7201a8"
             ],
             [
              0.3333333333333333,
              "#9c179e"
             ],
             [
              0.4444444444444444,
              "#bd3786"
             ],
             [
              0.5555555555555556,
              "#d8576b"
             ],
             [
              0.6666666666666666,
              "#ed7953"
             ],
             [
              0.7777777777777778,
              "#fb9f3a"
             ],
             [
              0.8888888888888888,
              "#fdca26"
             ],
             [
              1,
              "#f0f921"
             ]
            ],
            "type": "heatmap"
           }
          ],
          "heatmapgl": [
           {
            "colorbar": {
             "outlinewidth": 0,
             "ticks": ""
            },
            "colorscale": [
             [
              0,
              "#0d0887"
             ],
             [
              0.1111111111111111,
              "#46039f"
             ],
             [
              0.2222222222222222,
              "#7201a8"
             ],
             [
              0.3333333333333333,
              "#9c179e"
             ],
             [
              0.4444444444444444,
              "#bd3786"
             ],
             [
              0.5555555555555556,
              "#d8576b"
             ],
             [
              0.6666666666666666,
              "#ed7953"
             ],
             [
              0.7777777777777778,
              "#fb9f3a"
             ],
             [
              0.8888888888888888,
              "#fdca26"
             ],
             [
              1,
              "#f0f921"
             ]
            ],
            "type": "heatmapgl"
           }
          ],
          "histogram": [
           {
            "marker": {
             "pattern": {
              "fillmode": "overlay",
              "size": 10,
              "solidity": 0.2
             }
            },
            "type": "histogram"
           }
          ],
          "histogram2d": [
           {
            "colorbar": {
             "outlinewidth": 0,
             "ticks": ""
            },
            "colorscale": [
             [
              0,
              "#0d0887"
             ],
             [
              0.1111111111111111,
              "#46039f"
             ],
             [
              0.2222222222222222,
              "#7201a8"
             ],
             [
              0.3333333333333333,
              "#9c179e"
             ],
             [
              0.4444444444444444,
              "#bd3786"
             ],
             [
              0.5555555555555556,
              "#d8576b"
             ],
             [
              0.6666666666666666,
              "#ed7953"
             ],
             [
              0.7777777777777778,
              "#fb9f3a"
             ],
             [
              0.8888888888888888,
              "#fdca26"
             ],
             [
              1,
              "#f0f921"
             ]
            ],
            "type": "histogram2d"
           }
          ],
          "histogram2dcontour": [
           {
            "colorbar": {
             "outlinewidth": 0,
             "ticks": ""
            },
            "colorscale": [
             [
              0,
              "#0d0887"
             ],
             [
              0.1111111111111111,
              "#46039f"
             ],
             [
              0.2222222222222222,
              "#7201a8"
             ],
             [
              0.3333333333333333,
              "#9c179e"
             ],
             [
              0.4444444444444444,
              "#bd3786"
             ],
             [
              0.5555555555555556,
              "#d8576b"
             ],
             [
              0.6666666666666666,
              "#ed7953"
             ],
             [
              0.7777777777777778,
              "#fb9f3a"
             ],
             [
              0.8888888888888888,
              "#fdca26"
             ],
             [
              1,
              "#f0f921"
             ]
            ],
            "type": "histogram2dcontour"
           }
          ],
          "mesh3d": [
           {
            "colorbar": {
             "outlinewidth": 0,
             "ticks": ""
            },
            "type": "mesh3d"
           }
          ],
          "parcoords": [
           {
            "line": {
             "colorbar": {
              "outlinewidth": 0,
              "ticks": ""
             }
            },
            "type": "parcoords"
           }
          ],
          "pie": [
           {
            "automargin": true,
            "type": "pie"
           }
          ],
          "scatter": [
           {
            "fillpattern": {
             "fillmode": "overlay",
             "size": 10,
             "solidity": 0.2
            },
            "type": "scatter"
           }
          ],
          "scatter3d": [
           {
            "line": {
             "colorbar": {
              "outlinewidth": 0,
              "ticks": ""
             }
            },
            "marker": {
             "colorbar": {
              "outlinewidth": 0,
              "ticks": ""
             }
            },
            "type": "scatter3d"
           }
          ],
          "scattercarpet": [
           {
            "marker": {
             "colorbar": {
              "outlinewidth": 0,
              "ticks": ""
             }
            },
            "type": "scattercarpet"
           }
          ],
          "scattergeo": [
           {
            "marker": {
             "colorbar": {
              "outlinewidth": 0,
              "ticks": ""
             }
            },
            "type": "scattergeo"
           }
          ],
          "scattergl": [
           {
            "marker": {
             "colorbar": {
              "outlinewidth": 0,
              "ticks": ""
             }
            },
            "type": "scattergl"
           }
          ],
          "scattermapbox": [
           {
            "marker": {
             "colorbar": {
              "outlinewidth": 0,
              "ticks": ""
             }
            },
            "type": "scattermapbox"
           }
          ],
          "scatterpolar": [
           {
            "marker": {
             "colorbar": {
              "outlinewidth": 0,
              "ticks": ""
             }
            },
            "type": "scatterpolar"
           }
          ],
          "scatterpolargl": [
           {
            "marker": {
             "colorbar": {
              "outlinewidth": 0,
              "ticks": ""
             }
            },
            "type": "scatterpolargl"
           }
          ],
          "scatterternary": [
           {
            "marker": {
             "colorbar": {
              "outlinewidth": 0,
              "ticks": ""
             }
            },
            "type": "scatterternary"
           }
          ],
          "surface": [
           {
            "colorbar": {
             "outlinewidth": 0,
             "ticks": ""
            },
            "colorscale": [
             [
              0,
              "#0d0887"
             ],
             [
              0.1111111111111111,
              "#46039f"
             ],
             [
              0.2222222222222222,
              "#7201a8"
             ],
             [
              0.3333333333333333,
              "#9c179e"
             ],
             [
              0.4444444444444444,
              "#bd3786"
             ],
             [
              0.5555555555555556,
              "#d8576b"
             ],
             [
              0.6666666666666666,
              "#ed7953"
             ],
             [
              0.7777777777777778,
              "#fb9f3a"
             ],
             [
              0.8888888888888888,
              "#fdca26"
             ],
             [
              1,
              "#f0f921"
             ]
            ],
            "type": "surface"
           }
          ],
          "table": [
           {
            "cells": {
             "fill": {
              "color": "#EBF0F8"
             },
             "line": {
              "color": "white"
             }
            },
            "header": {
             "fill": {
              "color": "#C8D4E3"
             },
             "line": {
              "color": "white"
             }
            },
            "type": "table"
           }
          ]
         },
         "layout": {
          "annotationdefaults": {
           "arrowcolor": "#2a3f5f",
           "arrowhead": 0,
           "arrowwidth": 1
          },
          "autotypenumbers": "strict",
          "coloraxis": {
           "colorbar": {
            "outlinewidth": 0,
            "ticks": ""
           }
          },
          "colorscale": {
           "diverging": [
            [
             0,
             "#8e0152"
            ],
            [
             0.1,
             "#c51b7d"
            ],
            [
             0.2,
             "#de77ae"
            ],
            [
             0.3,
             "#f1b6da"
